2 0.6358173076923077 0.28725961538461536 0.15264423076923078 0.16706730769230768
1 0.7920673076923077 0.35336538461538464 0.2127403846153846 0.21875
2 0.35336538461538464 0.375 0.12980769230769232 0.14182692307692307
1 0.625 0.4338942307692308 0.18389423076923078 0.16466346153846154
4 0.18509615384615385 0.4375 0.2980769230769231 0.21634615384615385
1 0.4326923076923077 0.49278846153846156 0.1466346153846154 0.17668269230769232
3 0.8233173076923077 0.5432692307692307 0.2536057692307692 0.13942307692307693
3 0.6574519230769231 0.6129807692307693 0.21153846153846154 0.21514423076923078
5 0.8173076923076923 0.6766826923076923 0.13701923076923078 0.19110576923076922
3 0.38822115384615385 0.7572115384615384 0.12620192307692307 0.27283653846153844
5 0.6454326923076923 0.7728365384615384 0.1935096153846154 0.2247596153846154
5 0.21875 0.7740384615384616 0.171875 0.22716346153846154
5 0.4411057692307692 0.9098557692307693 0.1622596153846154 0.17548076923076922
4 0.5817307692307693 0.14302884615384615 0.09735576923076923 0.28125
5 0.3641826923076923 0.20673076923076922 0.2283653846153846 0.3125