5 0.49038461538461536 0.33774038461538464 0.12620192307692307 0.13341346153846154
1 0.7199519230769231 0.3449519230769231 0.1778846153846154 0.19831730769230768
1 0.09375 0.36538461538461536 0.18389423076923078 0.20192307692307693
1 0.3473557692307692 0.42788461538461536 0.1658653846153846 0.18990384615384615
3 0.9014423076923077 0.44350961538461536 0.1935096153846154 0.14182692307692307
4 0.5564903846153846 0.4735576923076923 0.1141826923076923 0.1141826923076923
2 0.2536057692307692 0.5192307692307693 0.140625 0.13581730769230768
3 0.6887019230769231 0.6298076923076923 0.15745192307692307 0.22115384615384615
5 0.8365384615384616 0.6754807692307693 0.15264423076923078 0.23317307692307693
5 0.5072115384615384 0.6814903846153846 0.1346153846153846 0.22115384615384615
0 0.7692307692307693 0.07091346153846154 0.15625 0.14182692307692307
0 0.3317307692307692 0.7379807692307693 0.125 0.21514423076923078
5 0.5769230769230769 0.09134615384615384 0.1346153846153846 0.18269230769230768
4 0.47475961538461536 0.09975961538461539 0.12740384615384615 0.19951923076923078
0 0.30288461538461536 0.109375 0.19471153846153846 0.21875
3 0.8954326923076923 0.1141826923076923 0.16826923076923078 0.2127403846153846
4 0.15264423076923078 0.13701923076923078 0.15625 0.2127403846153846