3 0.5432692307692307 0.2548076923076923 0.15745192307692307 0.2644230769230769
3 0.38100961538461536 0.328125 0.17067307692307693 0.22716346153846154
0 0.1658653846153846 0.44350961538461536 0.2800480769230769 0.2536057692307692
2 0.6598557692307693 0.5240384615384616 0.11899038461538461 0.13942307692307693
2 0.546875 0.5709134615384616 0.109375 0.15865384615384615
0 0.4050480769230769 0.6802884615384616 0.14903846153846154 0.22716346153846154
1 0.5552884615384616 0.06850961538461539 0.19471153846153846 0.13701923076923078
5 0.7199519230769231 0.7019230769230769 0.13942307692307693 0.20432692307692307
0 0.24158653846153846 0.7788461538461539 0.21153846153846154 0.28725961538461536
5 0.5961538461538461 0.7884615384615384 0.14903846153846154 0.23918269230769232
4 0.44350961538461536 0.8858173076923077 0.10817307692307693 0.2247596153846154
1 0.22956730769230768 0.16826923076923078 0.18389423076923078 0.2980769230769231