1 0.47836538461538464 0.24639423076923078 0.15745192307692307 0.18509615384615385
1 0.3269230769230769 0.27163461538461536 0.14903846153846154 0.18990384615384615
4 0.6418269230769231 0.4206730769230769 0.10576923076923077 0.15384615384615385
5 0.8137019230769231 0.47836538461538464 0.18870192307692307 0.1935096153846154
1 0.38100961538461536 0.5120192307692307 0.13581730769230768 0.1814903846153846
0 0.6153846153846154 0.7307692307692307 0.12980769230769232 0.19951923076923078
0 0.8185096153846154 0.7463942307692307 0.171875 0.22956730769230768
0 0.43028846153846156 0.7524038461538461 0.16346153846153846 0.22956730769230768
2 0.6153846153846154 0.8461538461538461 0.13221153846153846 0.12860576923076922
3 0.39663461538461536 0.08533653846153846 0.15625 0.17067307692307693
2 0.7848557692307693 0.8737980769230769 0.10817307692307693 0.13581730769230768
3 0.5384615384615384 0.09254807692307693 0.125 0.18509615384615385
3 0.2608173076923077 0.10216346153846154 0.21875 0.20432692307692307
5 0.6706730769230769 0.16706730769230768 0.1310096153846154 0.2247596153846154