4 0.1935096153846154 0.25961538461538464 0.25600961538461536 0.2848557692307692
2 0.6442307692307693 0.26802884615384615 0.1310096153846154 0.16826923076923078
2 0.5348557692307693 0.31850961538461536 0.12620192307692307 0.15865384615384615
2 0.4411057692307692 0.3545673076923077 0.14182692307692307 0.125
1 0.8149038461538461 0.3629807692307692 0.20192307692307693 0.2127403846153846
1 0.6322115384615384 0.4375 0.15985576923076922 0.20432692307692307
1 0.43509615384615385 0.4963942307692308 0.22355769230769232 0.16826923076923078
5 0.18870192307692307 0.5168269230769231 0.21153846153846154 0.19951923076923078
3 0.8100961538461539 0.5276442307692307 0.2764423076923077 0.13341346153846154
3 0.6646634615384616 0.6201923076923077 0.20432692307692307 0.18990384615384615
5 0.8293269230769231 0.6766826923076923 0.14903846153846154 0.17908653846153846
3 0.39903846153846156 0.7223557692307693 0.17668269230769232 0.2932692307692308
5 0.22956730769230768 0.7512019230769231 0.1971153846153846 0.23557692307692307
5 0.6286057692307693 0.7620192307692307 0.17307692307692307 0.25240384615384615
5 0.43990384615384615 0.9086538461538461 0.17067307692307693 0.17908653846153846
4 0.5913461538461539 0.13942307692307693 0.10096153846153846 0.27884615384615385
4 0.46153846153846156 0.15144230769230768 0.13221153846153846 0.2848557692307692
4 0.3245192307692308 0.19110576923076922 0.18389423076923078 0.3233173076923077