1 0.15745192307692307 0.25600961538461536 0.2848557692307692 0.24639423076923078
1 0.7271634615384616 0.2860576923076923 0.2512019230769231 0.22716346153846154
2 0.421875 0.35336538461538464 0.16826923076923078 0.17668269230769232
4 0.2668269230769231 0.4807692307692308 0.2692307692307692 0.13701923076923078
5 0.5444711538461539 0.5036057692307693 0.1201923076923077 0.12860576923076922
3 0.8004807692307693 0.5408653846153846 0.36778846153846156 0.14783653846153846
5 0.23076923076923078 0.6634615384615384 0.14543269230769232 0.17307692307692307
5 0.6971153846153846 0.7151442307692307 0.1778846153846154 0.24158653846153846
3 0.4543269230769231 0.7295673076923077 0.13942307692307693 0.3329326923076923
1 0.5769230769230769 0.8317307692307693 0.1502403846153846 0.3329326923076923
2 0.35697115384615385 0.8581730769230769 0.13581730769230768 0.17067307692307693
3 0.328125 0.12740384615384615 0.19951923076923078 0.2536057692307692
4 0.5997596153846154 0.20673076923076922 0.11778846153846154 0.31009615384615385