2 0.7019230769230769 0.25600961538461536 0.12860576923076922 0.19591346153846154
2 0.7908653846153846 0.3737980769230769 0.11057692307692307 0.17307692307692307
2 0.25721153846153844 0.4098557692307692 0.1201923076923077 0.1622596153846154
2 0.4230769230769231 0.4519230769230769 0.1045673076923077 0.16706730769230768
2 0.6033653846153846 0.49158653846153844 0.109375 0.12860576923076922
2 0.5372596153846154 0.6021634615384616 0.09735576923076923 0.12860576923076922
2 0.7860576923076923 0.6129807692307693 0.16826923076923078 0.16466346153846154
2 0.27524038461538464 0.6213942307692307 0.11298076923076923 0.13942307692307693
2 0.4206730769230769 0.6370192307692307 0.10817307692307693 0.14543269230769232
2 0.6490384615384616 0.6838942307692307 0.1201923076923077 0.16466346153846154
2 0.5528846153846154 0.7211538461538461 0.0985576923076923 0.15384615384615385
2 0.23317307692307693 0.14302884615384615 0.1466346153846154 0.14423076923076922
2 0.5372596153846154 0.16466346153846154 0.11298076923076923 0.17908653846153846