2 0.7524038461538461 0.3485576923076923 0.12620192307692307 0.16466346153846154
2 0.2764423076923077 0.3557692307692308 0.125 0.15384615384615385
2 0.5733173076923077 0.4098557692307692 0.12139423076923077 0.13942307692307693
2 0.3737980769230769 0.5120192307692307 0.15144230769230768 0.15985576923076922
2 0.6165865384615384 0.5276442307692307 0.11778846153846154 0.15625
2 0.27163461538461536 0.6033653846153846 0.1201923076923077 0.15985576923076922
2 0.7908653846153846 0.6069711538461539 0.13221153846153846 0.1814903846153846
2 0.4182692307692308 0.6670673076923077 0.12980769230769232 0.1502403846153846
2 0.5576923076923077 0.6766826923076923 0.09735576923076923 0.23317307692307693
2 0.3641826923076923 0.16346153846153846 0.13701923076923078 0.15985576923076922
2 0.6887019230769231 0.18389423076923078 0.0985576923076923 0.15384615384615385
2 0.5384615384615384 0.18509615384615385 0.14182692307692307 0.1622596153846154