1 0.12860576923076922 0.23317307692307693 0.23798076923076922 0.25841346153846156
2 0.44350961538461536 0.3701923076923077 0.1141826923076923 0.16826923076923078
4 0.2668269230769231 0.47596153846153844 0.265625 0.12259615384615384
2 0.5913461538461539 0.4951923076923077 0.11778846153846154 0.13581730769230768
3 0.8245192307692307 0.5264423076923077 0.31971153846153844 0.1814903846153846
4 0.44350961538461536 0.5997596153846154 0.140625 0.13701923076923078
5 0.1814903846153846 0.6466346153846154 0.20432692307692307 0.17307692307692307
5 0.6838942307692307 0.6814903846153846 0.1971153846153846 0.22956730769230768
1 0.34615384615384615 0.8377403846153846 0.16706730769230768 0.25841346153846156
1 0.5817307692307693 0.8629807692307693 0.16706730769230768 0.2704326923076923
5 0.28966346153846156 0.9495192307692307 0.21995192307692307 0.09615384615384616
3 0.3329326923076923 0.1466346153846154 0.2091346153846154 0.2932692307692308
3 0.6850961538461539 0.15865384615384615 0.21394230769230768 0.3161057692307692