1 0.3161057692307692 0.2620192307692308 0.16706730769230768 0.17307692307692307
1 0.49278846153846156 0.27163461538461536 0.15264423076923078 0.23076923076923078
4 0.6298076923076923 0.4182692307692308 0.109375 0.17067307692307693
1 0.38461538461538464 0.49759615384615385 0.19110576923076922 0.1502403846153846
5 0.7992788461538461 0.5132211538461539 0.21995192307692307 0.18509615384615385
3 0.5348557692307693 0.054086538461538464 0.12139423076923077 0.10817307692307693
3 0.3918269230769231 0.06610576923076923 0.17307692307692307 0.1310096153846154
0 0.40865384615384615 0.7223557692307693 0.13581730769230768 0.17307692307692307
0 0.7920673076923077 0.7307692307692307 0.2127403846153846 0.2704326923076923
0 0.5901442307692307 0.7331730769230769 0.1502403846153846 0.22956730769230768
2 0.6009615384615384 0.8497596153846154 0.125 0.14182692307692307
3 0.23076923076923078 0.08533653846153846 0.12860576923076922 0.17067307692307693
2 0.7740384615384616 0.8762019230769231 0.125 0.12259615384615384
5 0.6622596153846154 0.15625 0.17548076923076922 0.24639423076923078