3 0.5324519230769231 0.2776442307692308 0.1346153846153846 0.3245192307692308
3 0.3605769230769231 0.3016826923076923 0.14543269230769232 0.23317307692307693
0 0.1778846153846154 0.4495192307692308 0.30528846153846156 0.21875
2 0.6706730769230769 0.5336538461538461 0.12379807692307693 0.1502403846153846
2 0.5456730769230769 0.5697115384615384 0.10336538461538461 0.15264423076923078
0 0.41466346153846156 0.6838942307692307 0.19831730769230768 0.1814903846153846
5 0.7199519230769231 0.7115384615384616 0.1778846153846154 0.21033653846153846
0 0.24278846153846154 0.7487980769230769 0.2620192307692308 0.27283653846153844
5 0.59375 0.7704326923076923 0.15264423076923078 0.22115384615384615
1 0.5408653846153846 0.08052884615384616 0.17067307692307693 0.15985576923076922
4 0.43509615384615385 0.8870192307692307 0.12379807692307693 0.22115384615384615
1 0.2283653846153846 0.17307692307692307 0.19471153846153846 0.22956730769230768