3 0.5288461538461539 0.28365384615384615 0.1201923076923077 0.3329326923076923
3 0.36538461538461536 0.33413461538461536 0.15264423076923078 0.2439903846153846
0 0.19471153846153846 0.4567307692307692 0.3425480769230769 0.24639423076923078
2 0.6622596153846154 0.5348557692307693 0.12860576923076922 0.17067307692307693
2 0.5540865384615384 0.5817307692307693 0.11057692307692307 0.16706730769230768
1 0.5600961538461539 0.0625 0.17307692307692307 0.125
0 0.4050480769230769 0.6694711538461539 0.15985576923076922 0.23557692307692307
5 0.7283653846153846 0.7355769230769231 0.15504807692307693 0.22956730769230768
0 0.21514423076923078 0.765625 0.2127403846153846 0.2644230769230769
5 0.6045673076923077 0.7836538461538461 0.15264423076923078 0.19591346153846154
4 0.4375 0.8846153846153846 0.1502403846153846 0.22716346153846154
1 0.21995192307692307 0.15745192307692307 0.19831730769230768 0.2776442307692308