1 0.7487980769230769 0.2848557692307692 0.22355769230769232 0.21634615384615385
5 0.4675480769230769 0.3918269230769231 0.1201923076923077 0.18389423076923078
1 0.15745192307692307 0.4795673076923077 0.2920673076923077 0.20793269230769232
3 0.8040865384615384 0.5276442307692307 0.3269230769230769 0.15625
2 0.5817307692307693 0.5480769230769231 0.11057692307692307 0.1502403846153846
2 0.2860576923076923 0.6490384615384616 0.15625 0.17668269230769232
5 0.7115384615384616 0.7019230769230769 0.140625 0.14543269230769232
3 0.43509615384615385 0.7283653846153846 0.1141826923076923 0.25240384615384615
1 0.5769230769230769 0.8689903846153846 0.17307692307692307 0.25841346153846156
5 0.39783653846153844 0.9194711538461539 0.18028846153846154 0.15625
4 0.40024038461538464 0.12139423076923077 0.18269230769230768 0.24158653846153846
3 0.59375 0.14903846153846154 0.12139423076923077 0.2980769230769231
4 0.16466346153846154 0.203125 0.21394230769230768 0.1814903846153846