3 0.5300480769230769 0.3786057692307692 0.13581730769230768 0.1502403846153846
1 0.13942307692307693 0.4026442307692308 0.2091346153846154 0.19591346153846154
1 0.7391826923076923 0.42788461538461536 0.1935096153846154 0.1814903846153846
1 0.36899038461538464 0.484375 0.14423076923076922 0.13581730769230768
3 0.8990384615384616 0.4879807692307692 0.19831730769230768 0.20192307692307693
2 0.2956730769230769 0.5745192307692307 0.1502403846153846 0.10576923076923077
4 0.6081730769230769 0.5913461538461539 0.13221153846153846 0.15865384615384615
5 0.8473557692307693 0.7163461538461539 0.1875 0.16706730769230768
5 0.5324519230769231 0.7560096153846154 0.17067307692307693 0.24158653846153846
2 0.2764423076923077 0.7896634615384616 0.08173076923076923 0.1622596153846154
0 0.3629807692307692 0.8052884615384616 0.14423076923076922 0.2692307692307692
0 0.5 0.10697115384615384 0.16346153846153846 0.21394230769230768
0 0.6862980769230769 0.10697115384615384 0.12259615384615384 0.21394230769230768
3 0.9014423076923077 0.18269230769230768 0.1935096153846154 0.21875