3 0.53125 0.2548076923076923 0.11538461538461539 0.30649038461538464
3 0.36899038461538464 0.34375 0.15144230769230768 0.23317307692307693
0 0.1814903846153846 0.44350961538461536 0.2980769230769231 0.24158653846153846
1 0.5492788461538461 0.052884615384615384 0.1658653846153846 0.10576923076923077
2 0.6658653846153846 0.53125 0.16706730769230768 0.17067307692307693
2 0.5420673076923077 0.5685096153846154 0.11298076923076923 0.15384615384615385
0 0.38221153846153844 0.6923076923076923 0.109375 0.20673076923076922
5 0.7307692307692307 0.7079326923076923 0.15264423076923078 0.19591346153846154
0 0.20552884615384615 0.7776442307692307 0.20192307692307693 0.25
5 0.5985576923076923 0.7824519230769231 0.140625 0.20673076923076922
4 0.44471153846153844 0.9026442307692307 0.1346153846153846 0.19110576923076922
1 0.23798076923076922 0.16706730769230768 0.20793269230769232 0.2920673076923077