4 0.19831730769230768 0.25721153846153844 0.27163461538461536 0.2692307692307692
2 0.6346153846153846 0.25961538461538464 0.1141826923076923 0.17307692307692307
2 0.5336538461538461 0.31490384615384615 0.10817307692307693 0.1622596153846154
2 0.43509615384615385 0.35096153846153844 0.12379807692307693 0.15625
1 0.7908653846153846 0.3557692307692308 0.18028846153846154 0.18990384615384615
2 0.3173076923076923 0.4074519230769231 0.15264423076923078 0.14783653846153846
1 0.6430288461538461 0.41586538461538464 0.15745192307692307 0.1935096153846154
1 0.5132211538461539 0.4831730769230769 0.13942307692307693 0.14543269230769232
3 0.8245192307692307 0.5396634615384616 0.234375 0.13341346153846154
3 0.6658653846153846 0.6021634615384616 0.18269230769230768 0.17908653846153846
5 0.8125 0.6694711538461539 0.14423076923076922 0.15264423076923078
3 0.5396634615384616 0.6754807692307693 0.13581730769230768 0.2247596153846154
5 0.7019230769230769 0.7463942307692307 0.15264423076923078 0.1814903846153846
3 0.38221153846153844 0.7560096153846154 0.15144230769230768 0.2536057692307692
3 0.2283653846153846 0.8413461538461539 0.14903846153846154 0.22115384615384615
3 0.09014423076923077 0.8822115384615384 0.1201923076923077 0.20673076923076922
4 0.5949519230769231 0.10576923076923077 0.11778846153846154 0.20432692307692307
4 0.4519230769230769 0.13942307692307693 0.12980769230769232 0.27884615384615385
4 0.30649038461538464 0.1658653846153846 0.16826923076923078 0.25240384615384615