1 0.15384615384615385 0.24158653846153846 0.2764423076923077 0.24639423076923078
1 0.7259615384615384 0.29086538461538464 0.21514423076923078 0.23557692307692307
2 0.43028846153846156 0.3581730769230769 0.1658653846153846 0.16706730769230768
4 0.24519230769230768 0.4639423076923077 0.25961538461538464 0.13581730769230768
5 0.5528846153846154 0.4807692307692308 0.11057692307692307 0.15625
3 0.7920673076923077 0.5204326923076923 0.3088942307692308 0.15384615384615385
5 0.2512019230769231 0.6658653846153846 0.18870192307692307 0.15625
5 0.7103365384615384 0.6911057692307693 0.14543269230769232 0.21033653846153846
3 0.453125 0.7175480769230769 0.11538461538461539 0.33533653846153844
1 0.5745192307692307 0.8269230769230769 0.1310096153846154 0.34134615384615385
2 0.36177884615384615 0.8629807692307693 0.11778846153846154 0.21634615384615385
3 0.31850961538461536 0.109375 0.19831730769230768 0.21875
4 0.5793269230769231 0.16826923076923078 0.13221153846153846 0.3125