1 0.75 0.24639423076923078 0.1814903846153846 0.21514423076923078
5 0.4483173076923077 0.4014423076923077 0.1466346153846154 0.15625
1 0.1875 0.4675480769230769 0.3557692307692308 0.20673076923076922
2 0.5733173076923077 0.5348557692307693 0.10576923076923077 0.15384615384615385
3 0.7824519230769231 0.5384615384615384 0.3088942307692308 0.17668269230769232
2 0.2620192307692308 0.6490384615384616 0.1310096153846154 0.16826923076923078
5 0.7151442307692307 0.7067307692307693 0.171875 0.1814903846153846
3 0.44471153846153844 0.7367788461538461 0.12620192307692307 0.2692307692307692
1 0.5793269230769231 0.8377403846153846 0.1658653846153846 0.32091346153846156
5 0.4074519230769231 0.9170673076923077 0.13942307692307693 0.1622596153846154
4 0.41346153846153844 0.15264423076923078 0.14543269230769232 0.3004807692307692
3 0.5817307692307693 0.1622596153846154 0.10576923076923077 0.3245192307692308
4 0.171875 0.203125 0.203125 0.25240384615384615