1 0.13701923076923078 0.2512019230769231 0.2608173076923077 0.2644230769230769
1 0.7319711538461539 0.2980769230769231 0.18269230769230768 0.25841346153846156
2 0.4362980769230769 0.37740384615384615 0.1201923076923077 0.15384615384615385
4 0.2536057692307692 0.4651442307692308 0.27403846153846156 0.14423076923076922
5 0.5552884615384616 0.49278846153846156 0.140625 0.1814903846153846
3 0.8028846153846154 0.53125 0.2956730769230769 0.17908653846153846
5 0.21754807692307693 0.6778846153846154 0.16826923076923078 0.1814903846153846
5 0.7223557692307693 0.7067307692307693 0.17548076923076922 0.19831730769230768
3 0.46033653846153844 0.7175480769230769 0.10096153846153846 0.3269230769230769
1 0.578125 0.8521634615384616 0.1622596153846154 0.2920673076923077
2 0.3581730769230769 0.8737980769230769 0.11057692307692307 0.1935096153846154
3 0.33413461538461536 0.1466346153846154 0.2403846153846154 0.28966346153846156
4 0.6081730769230769 0.17427884615384615 0.10096153846153846 0.2932692307692308