5 0.3954326923076923 0.2776442307692308 0.1622596153846154 0.23798076923076922
2 0.6189903846153846 0.27884615384615385 0.1346153846153846 0.1502403846153846
2 0.21153846153846154 0.3137019230769231 0.16826923076923078 0.14423076923076922
1 0.7644230769230769 0.3713942307692308 0.27403846153846156 0.1935096153846154
3 0.5396634615384616 0.4026442307692308 0.11778846153846154 0.1814903846153846
1 0.24519230769230768 0.46274038461538464 0.3557692307692308 0.16706730769230768
3 0.6177884615384616 0.5192307692307693 0.1622596153846154 0.17307692307692307
3 0.8209134615384616 0.5300480769230769 0.25721153846153844 0.15264423076923078
5 0.33774038461538464 0.6105769230769231 0.15625 0.17067307692307693
4 0.15264423076923078 0.6610576923076923 0.23076923076923078 0.15985576923076922
5 0.6947115384615384 0.7139423076923077 0.1971153846153846 0.21514423076923078
5 0.41947115384615385 0.7704326923076923 0.16706730769230768 0.22115384615384615
1 0.21394230769230768 0.8725961538461539 0.24639423076923078 0.25
4 0.5793269230769231 0.10576923076923077 0.11899038461538461 0.21033653846153846