4 0.27524038461538464 0.27524038461538464 0.1658653846153846 0.15865384615384615
1 0.71875 0.3713942307692308 0.18389423076923078 0.15985576923076922
4 0.53125 0.3870192307692308 0.140625 0.14423076923076922
5 0.1814903846153846 0.3942307692307692 0.15264423076923078 0.16706730769230768
1 0.3581730769230769 0.43509615384615385 0.1778846153846154 0.1622596153846154
3 0.8822115384615384 0.4675480769230769 0.23317307692307693 0.1310096153846154
5 0.5 0.5372596153846154 0.13701923076923078 0.15865384615384615
0 0.8064903846153846 0.054086538461538464 0.1141826923076923 0.10817307692307693
2 0.24879807692307693 0.5697115384615384 0.1045673076923077 0.13942307692307693
3 0.6850961538461539 0.6117788461538461 0.17668269230769232 0.1935096153846154
1 0.31971153846153844 0.6586538461538461 0.1935096153846154 0.11298076923076923
5 0.8425480769230769 0.6778846153846154 0.18389423076923078 0.20673076923076922
5 0.4987980769230769 0.6838942307692307 0.1141826923076923 0.13341346153846154
0 0.11538461538461539 0.7608173076923077 0.1935096153846154 0.13341346153846154
2 0.38100961538461536 0.7824519230769231 0.13221153846153846 0.1310096153846154
2 0.2536057692307692 0.8052884615384616 0.09735576923076923 0.14783653846153846
5 0.6057692307692307 0.10336538461538461 0.12620192307692307 0.16826923076923078
3 0.9050480769230769 0.14423076923076922 0.18028846153846154 0.25
0 0.71875 0.14783653846153846 0.140625 0.24639423076923078
4 0.5072115384615384 0.19831730769230768 0.1201923076923077 0.23317307692307693