1 0.13701923076923078 0.25600961538461536 0.22596153846153846 0.24639423076923078
1 0.7331730769230769 0.2848557692307692 0.25 0.22235576923076922
2 0.44350961538461536 0.35697115384615385 0.12980769230769232 0.15264423076923078
4 0.25240384615384615 0.46153846153846156 0.28846153846153844 0.15264423076923078
5 0.5456730769230769 0.4891826923076923 0.13581730769230768 0.14182692307692307
3 0.8028846153846154 0.5288461538461539 0.3125 0.13701923076923078
2 0.2956730769230769 0.6346153846153846 0.18389423076923078 0.13942307692307693
5 0.6935096153846154 0.6778846153846154 0.17548076923076922 0.20192307692307693
3 0.4387019230769231 0.7283653846153846 0.11538461538461539 0.2848557692307692
1 0.5793269230769231 0.8221153846153846 0.14423076923076922 0.35216346153846156
5 0.3858173076923077 0.90625 0.15985576923076922 0.18389423076923078
3 0.32091346153846156 0.14302884615384615 0.21394230769230768 0.2848557692307692
4 0.5973557692307693 0.203125 0.09375 0.28966346153846156