1 0.5997596153846154 0.27884615384615385 0.13221153846153846 0.2620192307692308
1 0.4423076923076923 0.3088942307692308 0.12139423076923077 0.19951923076923078
4 0.7644230769230769 0.38100961538461536 0.15264423076923078 0.18389423076923078
5 0.9158653846153846 0.4579326923076923 0.16346153846153846 0.20793269230769232
1 0.49759615384615385 0.49158653846153844 0.20432692307692307 0.14182692307692307
0 0.5324519230769231 0.6935096153846154 0.16346153846153846 0.16706730769230768
3 0.6358173076923077 0.07211538461538461 0.13701923076923078 0.14423076923076922
3 0.47475961538461536 0.0733173076923077 0.13942307692307693 0.14543269230769232
0 0.7175480769230769 0.75 0.16105769230769232 0.24639423076923078
0 0.9050480769230769 0.765625 0.18629807692307693 0.3269230769230769
2 0.7163461538461539 0.8737980769230769 0.15144230769230768 0.17668269230769232
2 0.9399038461538461 0.9098557692307693 0.11778846153846154 0.17668269230769232
3 0.35216346153846156 0.09375 0.19471153846153846 0.17067307692307693
5 0.7764423076923077 0.1310096153846154 0.12980769230769232 0.2620192307692308