3 0.5276442307692307 0.25841346153846156 0.1346153846153846 0.27524038461538464
3 0.36778846153846156 0.31971153846153844 0.16346153846153846 0.21875
0 0.13341346153846154 0.4338942307692308 0.2668269230769231 0.21033653846153846
1 0.5456730769230769 0.052884615384615384 0.17548076923076922 0.10576923076923077
2 0.6634615384615384 0.5216346153846154 0.12860576923076922 0.15625
2 0.5480769230769231 0.5817307692307693 0.11057692307692307 0.12860576923076922
5 0.7307692307692307 0.7151442307692307 0.1622596153846154 0.18990384615384615
5 0.5973557692307693 0.7788461538461539 0.12379807692307693 0.19951923076923078
0 0.21514423076923078 0.8004807692307693 0.21754807692307693 0.21514423076923078
4 0.4483173076923077 0.8978365384615384 0.14423076923076922 0.19951923076923078
1 0.22115384615384615 0.17067307692307693 0.19471153846153846 0.28365384615384615