4 0.1875 0.2620192307692308 0.265625 0.3233173076923077
2 0.6310096153846154 0.2692307692307692 0.11778846153846154 0.19110576923076922
2 0.5300480769230769 0.32572115384615385 0.09735576923076923 0.17307692307692307
2 0.44711538461538464 0.36177884615384615 0.12620192307692307 0.15985576923076922
1 0.7836538461538461 0.3713942307692308 0.18269230769230768 0.2536057692307692
2 0.3245192307692308 0.4098557692307692 0.16706730769230768 0.16466346153846154
1 0.6358173076923077 0.43990384615384615 0.15985576923076922 0.2127403846153846
1 0.515625 0.4879807692307692 0.1466346153846154 0.17908653846153846
3 0.8016826923076923 0.5384615384615384 0.29086538461538464 0.20192307692307693
3 0.6586538461538461 0.6033653846153846 0.17668269230769232 0.22235576923076922
3 0.5372596153846154 0.6730769230769231 0.15144230769230768 0.22115384615384615
5 0.8161057692307693 0.6923076923076923 0.13581730769230768 0.1935096153846154
3 0.39903846153846156 0.7415865384615384 0.18269230769230768 0.3581730769230769
5 0.6983173076923077 0.7512019230769231 0.18389423076923078 0.1935096153846154
3 0.2247596153846154 0.8341346153846154 0.1658653846153846 0.25240384615384615
3 0.08653846153846154 0.8653846153846154 0.12139423076923077 0.22235576923076922
4 0.5769230769230769 0.14423076923076922 0.08774038461538461 0.28725961538461536
4 0.46033653846153844 0.15504807692307693 0.13581730769230768 0.3016826923076923
4 0.31971153846153844 0.1935096153846154 0.21153846153846154 0.32091346153846156