1 0.14182692307692307 0.2548076923076923 0.25 0.27283653846153844
1 0.7307692307692307 0.27524038461538464 0.1814903846153846 0.23798076923076922
2 0.43990384615384615 0.3581730769230769 0.12379807692307693 0.17067307692307693
4 0.2512019230769231 0.4567307692307692 0.27403846153846156 0.17067307692307693
5 0.5492788461538461 0.49038461538461536 0.1141826923076923 0.16466346153846154
3 0.8028846153846154 0.5348557692307693 0.35336538461538464 0.17067307692307693
5 0.2403846153846154 0.6550480769230769 0.2403846153846154 0.1935096153846154
3 0.4567307692307692 0.7019230769230769 0.11298076923076923 0.34615384615384615
5 0.7151442307692307 0.7055288461538461 0.15625 0.20192307692307693
1 0.5793269230769231 0.828125 0.15745192307692307 0.3401442307692308
2 0.34975961538461536 0.8725961538461539 0.14543269230769232 0.18389423076923078
3 0.33653846153846156 0.12740384615384615 0.2247596153846154 0.2536057692307692
4 0.5997596153846154 0.20673076923076922 0.10336538461538461 0.37259615384615385