1 0.13822115384615385 0.25841346153846156 0.24278846153846154 0.24158653846153846
1 0.7740384615384616 0.27524038461538464 0.2247596153846154 0.21634615384615385
2 0.44350961538461536 0.3629807692307692 0.12620192307692307 0.1875
4 0.2692307692307692 0.4723557692307692 0.27524038461538464 0.13942307692307693
5 0.5276442307692307 0.4735576923076923 0.15745192307692307 0.16466346153846154
3 0.7956730769230769 0.5444711538461539 0.3233173076923077 0.15625
5 0.2247596153846154 0.6502403846153846 0.1814903846153846 0.19951923076923078
5 0.7127403846153846 0.6911057692307693 0.18629807692307693 0.23798076923076922
3 0.45913461538461536 0.7211538461538461 0.1045673076923077 0.3329326923076923
1 0.5745192307692307 0.8557692307692307 0.16346153846153846 0.2848557692307692
2 0.35336538461538464 0.8786057692307693 0.13701923076923078 0.1814903846153846
3 0.3269230769230769 0.11298076923076923 0.2127403846153846 0.2247596153846154
4 0.6009615384615384 0.20072115384615385 0.11057692307692307 0.37740384615384615