0 0.3713942307692308 0.23076923076923078 0.2247596153846154 0.23076923076923078
1 0.7980769230769231 0.2776442307692308 0.14182692307692307 0.17307692307692307
3 0.9447115384615384 0.34975961538461536 0.10576923076923077 0.1502403846153846
0 0.41586538461538464 0.4795673076923077 0.1141826923076923 0.1502403846153846
2 0.3245192307692308 0.49038461538461536 0.11298076923076923 0.15985576923076922
4 0.6466346153846154 0.5036057692307693 0.11538461538461539 0.12139423076923077
5 0.8293269230769231 0.5048076923076923 0.22235576923076922 0.18990384615384615
5 0.6033653846153846 0.6622596153846154 0.12379807692307693 0.16706730769230768
2 0.3449519230769231 0.6935096153846154 0.10576923076923077 0.125
0 0.42908653846153844 0.71875 0.10817307692307693 0.18389423076923078
1 0.7355769230769231 0.0733173076923077 0.11298076923076923 0.14543269230769232
1 0.5480769230769231 0.10096153846153846 0.1778846153846154 0.20192307692307693
3 0.9338942307692307 0.10576923076923077 0.12980769230769232 0.21033653846153846