3 0.5396634615384616 0.2776442307692308 0.12980769230769232 0.28725961538461536
3 0.38221153846153844 0.3389423076923077 0.2127403846153846 0.2692307692307692
0 0.21995192307692307 0.4651442307692308 0.38221153846153844 0.24158653846153846
2 0.65625 0.5264423076923077 0.171875 0.14783653846153846
2 0.5336538461538461 0.5733173076923077 0.14543269230769232 0.1622596153846154
0 0.3870192307692308 0.6911057692307693 0.15264423076923078 0.20192307692307693
3 0.7247596153846154 0.7223557692307693 0.1814903846153846 0.21033653846153846
0 0.20673076923076922 0.7692307692307693 0.171875 0.2704326923076923
3 0.59375 0.7764423076923077 0.15985576923076922 0.22235576923076922
1 0.5444711538461539 0.08533653846153846 0.13581730769230768 0.17067307692307693
4 0.43028846153846156 0.8762019230769231 0.13221153846153846 0.2439903846153846
1 0.23798076923076922 0.12860576923076922 0.22235576923076922 0.21514423076923078