3 0.5396634615384616 0.2536057692307692 0.12980769230769232 0.2920673076923077
3 0.35697115384615385 0.3161057692307692 0.13942307692307693 0.22956730769230768
0 0.15985576923076922 0.4411057692307692 0.2608173076923077 0.22956730769230768
2 0.6466346153846154 0.5204326923076923 0.10576923076923077 0.12139423076923077
2 0.5552884615384616 0.5661057692307693 0.09735576923076923 0.1502403846153846
1 0.5480769230769231 0.06610576923076923 0.13581730769230768 0.1310096153846154
0 0.39903846153846156 0.6742788461538461 0.13942307692307693 0.25240384615384615
5 0.7307692307692307 0.7139423076923077 0.16346153846153846 0.21875
0 0.23677884615384615 0.7487980769230769 0.19471153846153846 0.28125
5 0.6057692307692307 0.7860576923076923 0.12379807692307693 0.22716346153846154
4 0.4375 0.9026442307692307 0.109375 0.19110576923076922
1 0.24278846153846154 0.1310096153846154 0.20793269230769232 0.19110576923076922