2 0.6213942307692307 0.2668269230769231 0.12860576923076922 0.15384615384615385
5 0.38221153846153844 0.2764423076923077 0.14903846153846154 0.22235576923076922
2 0.19951923076923078 0.30649038461538464 0.1814903846153846 0.13341346153846154
1 0.7632211538461539 0.3894230769230769 0.2800480769230769 0.19110576923076922
3 0.5288461538461539 0.40625 0.12379807692307693 0.19591346153846154
1 0.23557692307692307 0.45072115384615385 0.35096153846153844 0.18990384615384615
3 0.8137019230769231 0.5564903846153846 0.3161057692307692 0.15384615384615385
5 0.5072115384615384 0.5745192307692307 0.1466346153846154 0.1935096153846154
5 0.34615384615384615 0.6201923076923077 0.17067307692307693 0.1814903846153846
4 0.14543269230769232 0.6682692307692307 0.24639423076923078 0.19951923076923078
3 0.8064903846153846 0.7319711538461539 0.2247596153846154 0.21514423076923078
5 0.6201923076923077 0.7704326923076923 0.12860576923076922 0.22115384615384615
1 0.4098557692307692 0.84375 0.17668269230769232 0.3088942307692308
4 0.5817307692307693 0.09975961538461539 0.11899038461538461 0.19951923076923078