2 0.46274038461538464 0.2548076923076923 0.11057692307692307 0.23076923076923078
1 0.14302884615384615 0.25600961538461536 0.2644230769230769 0.24639423076923078
3 0.5805288461538461 0.2668269230769231 0.13221153846153846 0.34134615384615385
3 0.36538461538461536 0.2692307692307692 0.15504807692307693 0.2776442307692308
4 0.27884615384615385 0.46634615384615385 0.2860576923076923 0.14182692307692307
1 0.5192307692307693 0.5180288461538461 0.15144230769230768 0.15264423076923078
3 0.7776442307692307 0.5276442307692307 0.3401442307692308 0.16826923076923078
5 0.3581730769230769 0.6189903846153846 0.15625 0.1622596153846154
4 0.5456730769230769 0.7151442307692307 0.10817307692307693 0.22235576923076922
5 0.7115384615384616 0.71875 0.18870192307692307 0.2247596153846154
5 0.42788461538461536 0.7836538461538461 0.140625 0.18389423076923078
1 0.20192307692307693 0.875 0.2247596153846154 0.24639423076923078