1 0.7536057692307693 0.27884615384615385 0.22355769230769232 0.21634615384615385
2 0.44350961538461536 0.32091346153846156 0.12139423076923077 0.13701923076923078
1 0.46033653846153844 0.45913461538461536 0.15144230769230768 0.16466346153846154
3 0.203125 0.4639423076923077 0.3473557692307692 0.20673076923076922
2 0.6057692307692307 0.5120192307692307 0.09735576923076923 0.125
3 0.8245192307692307 0.5216346153846154 0.23798076923076922 0.18990384615384615
5 0.7007211538461539 0.7091346153846154 0.17307692307692307 0.19831730769230768
3 0.4254807692307692 0.7307692307692307 0.16105769230769232 0.3245192307692308
1 0.5733173076923077 0.8473557692307693 0.1466346153846154 0.3004807692307692
5 0.5913461538461539 0.125 0.12980769230769232 0.25
4 0.4050480769230769 0.12860576923076922 0.171875 0.23557692307692307