5 0.3918269230769231 0.28846153846153844 0.16105769230769232 0.23076923076923078
2 0.2091346153846154 0.3004807692307692 0.18389423076923078 0.17307692307692307
2 0.6298076923076923 0.3016826923076923 0.10576923076923077 0.20432692307692307
1 0.7932692307692307 0.35096153846153844 0.22596153846153846 0.19831730769230768
3 0.5408653846153846 0.4074519230769231 0.12139423076923077 0.1814903846153846
1 0.23317307692307693 0.4735576923076923 0.38100961538461536 0.21033653846153846
3 0.7908653846153846 0.5432692307692307 0.33413461538461536 0.17067307692307693
5 0.5108173076923077 0.5805288461538461 0.15625 0.17668269230769232
5 0.33533653846153844 0.6213942307692307 0.14903846153846154 0.18990384615384615
4 0.15625 0.6826923076923077 0.25600961538461536 0.15625
3 0.765625 0.6826923076923077 0.3125 0.2439903846153846
5 0.6081730769230769 0.7560096153846154 0.15625 0.2127403846153846
1 0.4098557692307692 0.8882211538461539 0.1622596153846154 0.21875
4 0.5817307692307693 0.14783653846153846 0.10576923076923077 0.2956730769230769