5 0.4026442307692308 0.2824519230769231 0.17067307692307693 0.23076923076923078
2 0.6310096153846154 0.2956730769230769 0.10336538461538461 0.16706730769230768
2 0.21514423076923078 0.3125 0.22956730769230768 0.15384615384615385
1 0.8064903846153846 0.3473557692307692 0.2247596153846154 0.23557692307692307
3 0.5420673076923077 0.39903846153846156 0.10336538461538461 0.1935096153846154
1 0.1778846153846154 0.4495192307692308 0.2536057692307692 0.20432692307692307
3 0.8004807692307693 0.5384615384615384 0.3449519230769231 0.18509615384615385
5 0.5204326923076923 0.5841346153846154 0.12139423076923077 0.19831730769230768
5 0.35096153846153844 0.6213942307692307 0.16346153846153846 0.17668269230769232
3 0.7572115384615384 0.6862980769230769 0.2980769230769231 0.22716346153846154
4 0.15745192307692307 0.6899038461538461 0.24879807692307693 0.17067307692307693
5 0.6177884615384616 0.7740384615384616 0.16826923076923078 0.21875
1 0.3894230769230769 0.8822115384615384 0.19471153846153846 0.23076923076923078
4 0.59375 0.12259615384615384 0.16346153846153846 0.24519230769230768