2 0.16826923076923078 0.23557692307692307 0.12620192307692307 0.1502403846153846
5 0.34615384615384615 0.24158653846153846 0.15745192307692307 0.17908653846153846
1 0.08173076923076923 0.32091346153846156 0.1622596153846154 0.19110576923076922
5 0.4963942307692308 0.3473557692307692 0.11778846153846154 0.17668269230769232
1 0.7271634615384616 0.3485576923076923 0.15745192307692307 0.14783653846153846
1 0.3329326923076923 0.41947115384615385 0.171875 0.14423076923076922
3 0.875 0.4567307692307692 0.24639423076923078 0.15264423076923078
4 0.5528846153846154 0.45913461538461536 0.1141826923076923 0.1141826923076923
4 0.36778846153846156 0.04807692307692308 0.13581730769230768 0.09615384615384616
2 0.265625 0.5144230769230769 0.12860576923076922 0.15865384615384615
3 0.6622596153846154 0.5961538461538461 0.20793269230769232 0.22115384615384615
5 0.8293269230769231 0.6586538461538461 0.13701923076923078 0.22115384615384615
5 0.49158653846153844 0.6790865384615384 0.10096153846153846 0.17908653846153846
2 0.24879807692307693 0.7235576923076923 0.09375 0.13581730769230768
0 0.3401442307692308 0.7403846153846154 0.12620192307692307 0.18509615384615385
5 0.609375 0.07692307692307693 0.1310096153846154 0.14543269230769232
3 0.9014423076923077 0.09495192307692307 0.1935096153846154 0.18990384615384615
0 0.7043269230769231 0.09975961538461539 0.14543269230769232 0.17067307692307693
4 0.484375 0.17067307692307693 0.12139423076923077 0.1622596153846154