5 0.49038461538461536 0.3401442307692308 0.1346153846153846 0.18990384615384615
1 0.11778846153846154 0.3473557692307692 0.1971153846153846 0.1935096153846154
1 0.7043269230769231 0.36778846153846156 0.17548076923076922 0.18990384615384615
4 0.5456730769230769 0.4519230769230769 0.08774038461538461 0.10817307692307693
1 0.3713942307692308 0.45552884615384615 0.19831730769230768 0.16826923076923078
3 0.8918269230769231 0.4651442307692308 0.2127403846153846 0.14783653846153846
2 0.25600961538461536 0.5264423076923077 0.14182692307692307 0.1310096153846154
3 0.6694711538461539 0.6286057692307693 0.17067307692307693 0.20793269230769232
5 0.8473557692307693 0.6646634615384616 0.125 0.21634615384615385
5 0.4987980769230769 0.7007211538461539 0.09495192307692307 0.18990384615384615
2 0.24879807692307693 0.7379807692307693 0.09735576923076923 0.125
0 0.33774038461538464 0.7704326923076923 0.12980769230769232 0.2536057692307692
4 0.47836538461538464 0.09254807692307693 0.10096153846153846 0.1814903846153846
0 0.30408653846153844 0.11658653846153846 0.17668269230769232 0.23317307692307693
5 0.5817307692307693 0.11899038461538461 0.10336538461538461 0.23798076923076922
4 0.16947115384615385 0.13701923076923078 0.13581730769230768 0.1814903846153846
3 0.890625 0.13701923076923078 0.2127403846153846 0.22235576923076922