2 0.6370192307692307 0.27884615384615385 0.12139423076923077 0.14182692307692307
5 0.39663461538461536 0.2824519230769231 0.18389423076923078 0.23076923076923078
2 0.22596153846153846 0.3125 0.16346153846153846 0.17067307692307693
1 0.7908653846153846 0.3786057692307692 0.27524038461538464 0.20192307692307693
3 0.5420673076923077 0.3918269230769231 0.1310096153846154 0.1502403846153846
1 0.24759615384615385 0.47115384615384615 0.3605769230769231 0.17548076923076922
3 0.7932692307692307 0.546875 0.3449519230769231 0.12740384615384615
5 0.5120192307692307 0.5817307692307693 0.14543269230769232 0.17307692307692307
5 0.3473557692307692 0.6105769230769231 0.1814903846153846 0.17908653846153846
4 0.16466346153846154 0.6790865384615384 0.21995192307692307 0.15865384615384615
3 0.8052884615384616 0.7223557692307693 0.1935096153846154 0.23918269230769232
5 0.5985576923076923 0.7776442307692307 0.1502403846153846 0.25841346153846156
1 0.41586538461538464 0.8677884615384616 0.14903846153846154 0.2608173076923077
4 0.5841346153846154 0.10576923076923077 0.1141826923076923 0.21033653846153846