3 0.5432692307692307 0.26802884615384615 0.14182692307692307 0.3557692307692308
3 0.3713942307692308 0.33774038461538464 0.1778846153846154 0.23798076923076922
0 0.17307692307692307 0.4387019230769231 0.23076923076923078 0.21514423076923078
2 0.6646634615384616 0.5216346153846154 0.1201923076923077 0.15625
2 0.5396634615384616 0.5697115384615384 0.11057692307692307 0.16826923076923078
1 0.5432692307692307 0.0625 0.1346153846153846 0.125
0 0.39663461538461536 0.6850961538461539 0.17548076923076922 0.2127403846153846
5 0.7067307692307693 0.6995192307692307 0.17067307692307693 0.2127403846153846
0 0.1971153846153846 0.7608173076923077 0.21153846153846154 0.2536057692307692
5 0.6033653846153846 0.7896634615384616 0.13701923076923078 0.24639423076923078
4 0.45072115384615385 0.9038461538461539 0.12620192307692307 0.1875
1 0.19951923076923078 0.15504807692307693 0.2091346153846154 0.23076923076923078