3 0.5276442307692307 0.24879807692307693 0.15745192307692307 0.2848557692307692
3 0.36177884615384615 0.3016826923076923 0.13221153846153846 0.2247596153846154
0 0.1935096153846154 0.44591346153846156 0.3076923076923077 0.23317307692307693
2 0.6658653846153846 0.5192307692307693 0.12139423076923077 0.15625
2 0.5396634615384616 0.5661057692307693 0.09495192307692307 0.19591346153846154
1 0.5528846153846154 0.0673076923076923 0.16826923076923078 0.1346153846153846
0 0.4026442307692308 0.6875 0.16346153846153846 0.21634615384615385
5 0.7319711538461539 0.7235576923076923 0.14903846153846154 0.18990384615384615
5 0.59375 0.7668269230769231 0.12139423076923077 0.2247596153846154
0 0.20432692307692307 0.7872596153846154 0.24879807692307693 0.22115384615384615
4 0.4387019230769231 0.8942307692307693 0.13221153846153846 0.20793269230769232
1 0.23317307692307693 0.15985576923076922 0.1658653846153846 0.22956730769230768