4 0.20072115384615385 0.25600961538461536 0.2668269230769231 0.2668269230769231
2 0.6358173076923077 0.27403846153846156 0.11538461538461539 0.17307692307692307
2 0.5300480769230769 0.3112980769230769 0.09975961538461539 0.16826923076923078
2 0.4362980769230769 0.36538461538461536 0.12139423076923077 0.1814903846153846
1 0.7920673076923077 0.3737980769230769 0.21514423076923078 0.21033653846153846
2 0.33653846153846156 0.4026442307692308 0.14423076923076922 0.15625
1 0.6382211538461539 0.4387019230769231 0.15144230769230768 0.19831730769230768
1 0.5084134615384616 0.484375 0.14182692307692307 0.15985576923076922
3 0.8112980769230769 0.5216346153846154 0.2668269230769231 0.14783653846153846
3 0.6694711538461539 0.6057692307692307 0.19831730769230768 0.1875
3 0.5396634615384616 0.6730769230769231 0.13942307692307693 0.24158653846153846
5 0.8161057692307693 0.6778846153846154 0.15745192307692307 0.1935096153846154
3 0.3942307692307692 0.7367788461538461 0.1778846153846154 0.31850961538461536
5 0.6971153846153846 0.7415865384615384 0.15625 0.17548076923076922
3 0.234375 0.7860576923076923 0.17548076923076922 0.35216346153846156
3 0.08774038461538461 0.8473557692307693 0.13942307692307693 0.2536057692307692
4 0.5865384615384616 0.14543269230769232 0.10576923076923077 0.29086538461538464
4 0.45913461538461536 0.16466346153846154 0.12860576923076922 0.3293269230769231
4 0.33413461538461536 0.18990384615384615 0.1778846153846154 0.3245192307692308