4 0.27884615384615385 0.2620192307692308 0.17668269230769232 0.15625
1 0.7223557692307693 0.3713942307692308 0.1814903846153846 0.1935096153846154
4 0.5300480769230769 0.375 0.11778846153846154 0.14182692307692307
5 0.18629807692307693 0.4110576923076923 0.13581730769230768 0.12259615384615384
1 0.36658653846153844 0.421875 0.21153846153846154 0.12259615384615384
3 0.8810096153846154 0.4735576923076923 0.234375 0.14783653846153846
5 0.5072115384615384 0.5480769230769231 0.13221153846153846 0.14182692307692307
2 0.25600961538461536 0.5552884615384616 0.12139423076923077 0.15264423076923078
3 0.6778846153846154 0.6225961538461539 0.1814903846153846 0.18389423076923078
1 0.30408653846153844 0.6538461538461539 0.17067307692307693 0.09134615384615384
5 0.49278846153846156 0.6899038461538461 0.14903846153846154 0.15865384615384615
5 0.8629807692307693 0.6947115384615384 0.15625 0.25240384615384615
0 0.11778846153846154 0.7584134615384616 0.12980769230769232 0.17908653846153846
5 0.6105769230769231 0.07692307692307693 0.12980769230769232 0.1502403846153846
2 0.36177884615384615 0.78125 0.09254807692307693 0.13701923076923078
2 0.24759615384615385 0.8052884615384616 0.10096153846153846 0.13942307692307693
3 0.9194711538461539 0.10576923076923077 0.15745192307692307 0.14423076923076922
0 0.7379807692307693 0.12860576923076922 0.11899038461538461 0.22716346153846154
4 0.5024038461538461 0.171875 0.10096153846153846 0.16466346153846154