3 0.5480769230769231 0.2512019230769231 0.11298076923076923 0.28966346153846156
3 0.3713942307692308 0.3329326923076923 0.15625 0.25
0 0.16706730769230768 0.4411057692307692 0.296875 0.24158653846153846
2 0.6550480769230769 0.5288461538461539 0.10336538461538461 0.14543269230769232
2 0.5504807692307693 0.5721153846153846 0.0985576923076923 0.16826923076923078
0 0.3954326923076923 0.6742788461538461 0.15264423076923078 0.25240384615384615
5 0.7379807692307693 0.7127403846153846 0.15504807692307693 0.17908653846153846
0 0.20072115384615385 0.7644230769230769 0.21754807692307693 0.25841346153846156
5 0.609375 0.7836538461538461 0.13701923076923078 0.19591346153846154
4 0.4362980769230769 0.8942307692307693 0.15264423076923078 0.20673076923076922
1 0.24639423076923078 0.19110576923076922 0.20673076923076922 0.31009615384615385