4 0.18870192307692307 0.2439903846153846 0.23798076923076922 0.25
1 0.7439903846153846 0.2776442307692308 0.20673076923076922 0.21634615384615385
5 0.4495192307692308 0.3918269230769231 0.15745192307692307 0.19591346153846154
1 0.18269230769230768 0.46875 0.3473557692307692 0.19110576923076922
2 0.5745192307692307 0.5348557692307693 0.1201923076923077 0.11899038461538461
3 0.7908653846153846 0.5432692307692307 0.3557692307692308 0.15384615384615385
2 0.2764423076923077 0.6394230769230769 0.1622596153846154 0.15865384615384615
5 0.7019230769230769 0.7067307692307693 0.20192307692307693 0.2127403846153846
3 0.44591346153846156 0.7223557692307693 0.13942307692307693 0.30649038461538464
1 0.5709134615384616 0.8317307692307693 0.15504807692307693 0.3329326923076923
5 0.3942307692307692 0.9170673076923077 0.19831730769230768 0.15384615384615385
4 0.39783653846153844 0.15384615384615385 0.19471153846153846 0.3076923076923077
3 0.5877403846153846 0.15504807692307693 0.11778846153846154 0.31009615384615385