0 0.38341346153846156 0.24278846153846154 0.19230769230769232 0.2439903846153846
1 0.7932692307692307 0.25841346153846156 0.18389423076923078 0.19110576923076922
3 0.9254807692307693 0.3545673076923077 0.14543269230769232 0.12139423076923077
2 0.33413461538461536 0.4807692307692308 0.08173076923076923 0.1310096153846154
0 0.43149038461538464 0.4963942307692308 0.14903846153846154 0.12139423076923077
4 0.6370192307692307 0.5036057692307693 0.109375 0.1310096153846154
5 0.8581730769230769 0.5072115384615384 0.18028846153846154 0.1935096153846154
5 0.5817307692307693 0.6682692307692307 0.125 0.17908653846153846
2 0.3473557692307692 0.6802884615384616 0.08653846153846154 0.15625
0 0.42788461538461536 0.6935096153846154 0.09735576923076923 0.17548076923076922
1 0.7295673076923077 0.1045673076923077 0.15985576923076922 0.20793269230769232
1 0.9146634615384616 0.12379807692307693 0.1658653846153846 0.24759615384615385
1 0.5637019230769231 0.15625 0.1346153846153846 0.3125