0 0.4026442307692308 0.2608173076923077 0.1875 0.25841346153846156
1 0.7764423076923077 0.30408653846153844 0.19110576923076922 0.21634615384615385
3 0.9086538461538461 0.34615384615384615 0.18028846153846154 0.1622596153846154
0 0.4266826923076923 0.4879807692307692 0.1346153846153846 0.1622596153846154
2 0.33413461538461536 0.49759615384615385 0.08413461538461539 0.1622596153846154
4 0.6430288461538461 0.5036057692307693 0.11057692307692307 0.16466346153846154
5 0.8389423076923077 0.5180288461538461 0.20673076923076922 0.17668269230769232
5 0.5949519230769231 0.6634615384615384 0.11298076923076923 0.16826923076923078
2 0.34375 0.6790865384615384 0.09375 0.14543269230769232
1 0.7451923076923077 0.06850961538461539 0.15985576923076922 0.13701923076923078
0 0.45552884615384615 0.7247596153846154 0.10817307692307693 0.17908653846153846
1 0.5733173076923077 0.10697115384615384 0.18509615384615385 0.21394230769230768
3 0.9290865384615384 0.11298076923076923 0.13942307692307693 0.2247596153846154