3 0.3713942307692308 0.25600961538461536 0.11778846153846154 0.25
2 0.46875 0.27283653846153844 0.12860576923076922 0.2536057692307692
1 0.15264423076923078 0.27283653846153844 0.2776442307692308 0.2668269230769231
4 0.2776442307692308 0.4807692307692308 0.2848557692307692 0.11298076923076923
3 0.7992788461538461 0.5348557692307693 0.28846153846153844 0.16466346153846154
4 0.5036057692307693 0.5721153846153846 0.13581730769230768 0.15985576923076922
5 0.20432692307692307 0.6370192307692307 0.21754807692307693 0.17908653846153846
5 0.6971153846153846 0.703125 0.18870192307692307 0.20192307692307693
1 0.35096153846153844 0.8257211538461539 0.17067307692307693 0.2848557692307692
1 0.5709134615384616 0.8677884615384616 0.17668269230769232 0.2608173076923077
5 0.28725961538461536 0.9615384615384616 0.18629807692307693 0.0733173076923077
3 0.5973557692307693 0.18990384615384615 0.10576923076923077 0.24639423076923078