5 0.3473557692307692 0.23076923076923078 0.12980769230769232 0.22115384615384615
2 0.19110576923076922 0.2439903846153846 0.125 0.19110576923076922
1 0.09975961538461539 0.3425480769230769 0.16706730769230768 0.16826923076923078
5 0.4831730769230769 0.3485576923076923 0.13221153846153846 0.15625
1 0.6983173076923077 0.3581730769230769 0.171875 0.16706730769230768
1 0.34134615384615385 0.42788461538461536 0.18629807692307693 0.16826923076923078
4 0.5480769230769231 0.4567307692307692 0.12620192307692307 0.13581730769230768
3 0.8798076923076923 0.45913461538461536 0.23798076923076922 0.21033653846153846
2 0.2800480769230769 0.5348557692307693 0.1778846153846154 0.18990384615384615
3 0.6887019230769231 0.6153846153846154 0.1622596153846154 0.23918269230769232
5 0.49038461538461536 0.6442307692307693 0.15745192307692307 0.20673076923076922
4 0.36538461538461536 0.06850961538461539 0.14903846153846154 0.13701923076923078
5 0.8341346153846154 0.6682692307692307 0.15504807692307693 0.16706730769230768
2 0.2439903846153846 0.7259615384615384 0.125 0.17307692307692307
0 0.3425480769230769 0.7439903846153846 0.16346153846153846 0.20432692307692307
5 0.5985576923076923 0.08653846153846154 0.109375 0.16826923076923078
3 0.9158653846153846 0.10576923076923077 0.1346153846153846 0.20673076923076922
0 0.7199519230769231 0.1346153846153846 0.09735576923076923 0.23918269230769232
4 0.49158653846153844 0.1935096153846154 0.0985576923076923 0.22115384615384615