1 0.13221153846153846 0.2548076923076923 0.24879807692307693 0.25240384615384615
1 0.7427884615384616 0.27884615384615385 0.17548076923076922 0.24639423076923078
2 0.4387019230769231 0.3581730769230769 0.12980769230769232 0.1622596153846154
4 0.2668269230769231 0.47596153846153844 0.2956730769230769 0.13942307692307693
5 0.5588942307692307 0.48197115384615385 0.13581730769230768 0.18509615384615385
3 0.7980769230769231 0.5252403846153846 0.31850961538461536 0.1622596153846154
5 0.20673076923076922 0.6514423076923077 0.19110576923076922 0.22716346153846154
5 0.703125 0.6875 0.20673076923076922 0.23798076923076922
3 0.46153846153846156 0.7223557692307693 0.10096153846153846 0.3004807692307692
1 0.5637019230769231 0.8377403846153846 0.140625 0.32091346153846156
2 0.35216346153846156 0.8701923076923077 0.12980769230769232 0.21033653846153846
3 0.3245192307692308 0.12259615384615384 0.20192307692307693 0.24519230769230768
4 0.5961538461538461 0.18269230769230768 0.13942307692307693 0.28125