3 0.5288461538461539 0.28966346153846156 0.13221153846153846 0.3125
3 0.38461538461538464 0.3245192307692308 0.171875 0.22956730769230768
0 0.15384615384615385 0.44591346153846156 0.24519230769230768 0.24639423076923078
2 0.6598557692307693 0.5348557692307693 0.11778846153846154 0.13581730769230768
2 0.5408653846153846 0.5721153846153846 0.0829326923076923 0.16826923076923078
0 0.4074519230769231 0.6802884615384616 0.14543269230769232 0.2608173076923077
5 0.7151442307692307 0.7199519230769231 0.1778846153846154 0.21033653846153846
1 0.546875 0.0733173076923077 0.1658653846153846 0.14543269230769232
5 0.6057692307692307 0.7884615384615384 0.11538461538461539 0.25600961538461536
0 0.2091346153846154 0.796875 0.21875 0.21033653846153846
4 0.4483173076923077 0.9002403846153846 0.14423076923076922 0.19591346153846154
1 0.21394230769230768 0.1502403846153846 0.15264423076923078 0.2704326923076923