4 0.22596153846153846 0.23557692307692307 0.2800480769230769 0.2536057692307692
1 0.7415865384615384 0.25841346153846156 0.19831730769230768 0.20432692307692307
5 0.4543269230769231 0.40024038461538464 0.14182692307692307 0.17067307692307693
1 0.14182692307692307 0.47115384615384615 0.28125 0.17908653846153846
2 0.5733173076923077 0.5396634615384616 0.11538461538461539 0.1502403846153846
3 0.8028846153846154 0.5408653846153846 0.3317307692307692 0.13942307692307693
2 0.2932692307692308 0.6514423076923077 0.15264423076923078 0.13942307692307693
5 0.7091346153846154 0.7043269230769231 0.18389423076923078 0.20432692307692307
3 0.4579326923076923 0.7199519230769231 0.109375 0.2776442307692308
1 0.5817307692307693 0.8641826923076923 0.18028846153846154 0.2668269230769231
5 0.41225961538461536 0.9182692307692307 0.15144230769230768 0.14543269230769232
4 0.3942307692307692 0.12860576923076922 0.171875 0.2439903846153846
3 0.5949519230769231 0.15384615384615385 0.10817307692307693 0.3076923076923077