3 0.5396634615384616 0.2848557692307692 0.14543269230769232 0.28365384615384615
3 0.37740384615384615 0.3389423076923077 0.16346153846153846 0.21875
0 0.16346153846153846 0.44591346153846156 0.22355769230769232 0.22956730769230768
2 0.6490384615384616 0.5192307692307693 0.14423076923076922 0.1502403846153846
2 0.5480769230769231 0.5805288461538461 0.08774038461538461 0.13942307692307693
0 0.3942307692307692 0.6634615384615384 0.17307692307692307 0.22716346153846154
5 0.7163461538461539 0.7199519230769231 0.18269230769230768 0.21514423076923078
0 0.23076923076923078 0.7620192307692307 0.21875 0.23557692307692307
1 0.5516826923076923 0.07692307692307693 0.1814903846153846 0.15384615384615385
5 0.5973557692307693 0.7788461538461539 0.1466346153846154 0.23317307692307693
4 0.4387019230769231 0.9026442307692307 0.13221153846153846 0.18990384615384615
1 0.23197115384615385 0.1622596153846154 0.18870192307692307 0.25