1 0.5901442307692307 0.23557692307692307 0.18028846153846154 0.22956730769230768
1 0.4230769230769231 0.2824519230769231 0.16826923076923078 0.21033653846153846
4 0.7475961538461539 0.3713942307692308 0.15504807692307693 0.20432692307692307
5 0.9206730769230769 0.46274038461538464 0.15625 0.22115384615384615
0 0.5180288461538461 0.49158653846153844 0.15745192307692307 0.19110576923076922
3 0.4699519230769231 0.06129807692307692 0.15504807692307693 0.12259615384615384
3 0.6310096153846154 0.06610576923076923 0.12620192307692307 0.1310096153846154
1 0.6129807692307693 0.6971153846153846 0.14182692307692307 0.20192307692307693
0 0.9206730769230769 0.7584134615384616 0.15504807692307693 0.25841346153846156
2 0.7115384615384616 0.8341346153846154 0.14903846153846154 0.20192307692307693
0 0.49399038461538464 0.8533653846153846 0.1622596153846154 0.2439903846153846
2 0.9134615384615384 0.8954326923076923 0.12860576923076922 0.20432692307692307
3 0.33774038461538464 0.1045673076923077 0.17067307692307693 0.19110576923076922
5 0.7824519230769231 0.12379807692307693 0.1814903846153846 0.24759615384615385