1 0.1466346153846154 0.24639423076923078 0.25721153846153844 0.2439903846153846
1 0.7379807692307693 0.27524038461538464 0.19471153846153846 0.20432692307692307
5 0.46033653846153844 0.390625 0.12379807692307693 0.18509615384615385
4 0.2548076923076923 0.47475961538461536 0.25961538461538464 0.13701923076923078
3 0.7932692307692307 0.5336538461538461 0.3173076923076923 0.13341346153846154
2 0.5600961538461539 0.5348557692307693 0.11057692307692307 0.13341346153846154
2 0.27524038461538464 0.6370192307692307 0.15504807692307693 0.1622596153846154
5 0.7127403846153846 0.7151442307692307 0.15985576923076922 0.22235576923076922
3 0.4519230769230769 0.7487980769230769 0.109375 0.23076923076923078
1 0.5697115384615384 0.8341346153846154 0.13942307692307693 0.3269230769230769
5 0.4050480769230769 0.9086538461538461 0.14903846153846154 0.17908653846153846
3 0.5865384615384616 0.125 0.12620192307692307 0.25
4 0.39663461538461536 0.13701923076923078 0.15985576923076922 0.2536057692307692