1 0.15264423076923078 0.265625 0.2860576923076923 0.2439903846153846
4 0.5721153846153846 0.34375 0.1141826923076923 0.2127403846153846
2 0.44711538461538464 0.36778846153846156 0.14543269230769232 0.15625
4 0.25961538461538464 0.47475961538461536 0.2776442307692308 0.1502403846153846
1 0.6490384615384616 0.5060096153846154 0.19951923076923078 0.20432692307692307
2 0.5024038461538461 0.5420673076923077 0.12379807692307693 0.15384615384615385
3 0.8557692307692307 0.5420673076923077 0.23798076923076922 0.1875
5 0.22115384615384615 0.6754807692307693 0.16706730769230768 0.17668269230769232
5 0.6959134615384616 0.7019230769230769 0.17067307692307693 0.23798076923076922
5 0.43509615384615385 0.7608173076923077 0.15144230769230768 0.25841346153846156
1 0.5745192307692307 0.8317307692307693 0.15144230769230768 0.3329326923076923
3 0.3233173076923077 0.14182692307692307 0.1778846153846154 0.28365384615384615
3 0.6899038461538461 0.14543269230769232 0.18269230769230768 0.29086538461538464