3 0.4206730769230769 0.34134615384615385 0.2283653846153846 0.2127403846153846
4 0.7331730769230769 0.3894230769230769 0.15264423076923078 0.20793269230769232
5 0.9266826923076923 0.4651442307692308 0.14423076923076922 0.22235576923076922
3 0.44711538461538464 0.6189903846153846 0.20192307692307693 0.16706730769230768
1 0.6177884615384616 0.6995192307692307 0.140625 0.2439903846153846
0 0.9122596153846154 0.7415865384615384 0.17307692307692307 0.3125
2 0.7067307692307693 0.8569711538461539 0.11538461538461539 0.18509615384615385
0 0.4879807692307692 0.8677884615384616 0.17548076923076922 0.18990384615384615
2 0.8798076923076923 0.9026442307692307 0.140625 0.16826923076923078
3 0.5252403846153846 0.109375 0.1778846153846154 0.21875
5 0.7644230769230769 0.12379807692307693 0.19230769230769232 0.24759615384615385