4 0.17307692307692307 0.2512019230769231 0.2536057692307692 0.25240384615384615
2 0.6322115384615384 0.27163461538461536 0.12139423076923077 0.17668269230769232
2 0.5324519230769231 0.31490384615384615 0.1141826923076923 0.14543269230769232
2 0.4362980769230769 0.35336538461538464 0.11538461538461539 0.13942307692307693
1 0.8028846153846154 0.3713942307692308 0.17668269230769232 0.22716346153846154
2 0.3245192307692308 0.40625 0.14182692307692307 0.14543269230769232
1 0.6466346153846154 0.4362980769230769 0.15264423076923078 0.20192307692307693
1 0.5060096153846154 0.4735576923076923 0.1466346153846154 0.15625
3 0.796875 0.5432692307692307 0.265625 0.125
3 0.6670673076923077 0.5973557692307693 0.20673076923076922 0.18389423076923078
3 0.5444711538461539 0.6634615384615384 0.15144230769230768 0.22716346153846154
5 0.8161057692307693 0.6682692307692307 0.12980769230769232 0.16706730769230768
5 0.6959134615384616 0.734375 0.13942307692307693 0.17668269230769232
3 0.3942307692307692 0.7355769230769231 0.1935096153846154 0.2920673076923077
5 0.5817307692307693 0.7932692307692307 0.12139423076923077 0.19591346153846154
3 0.2247596153846154 0.8004807692307693 0.16346153846153846 0.2620192307692308
3 0.0829326923076923 0.8305288461538461 0.1466346153846154 0.2644230769230769
5 0.4795673076923077 0.9050480769230769 0.14423076923076922 0.18509615384615385
5 0.36899038461538464 0.9338942307692307 0.13701923076923078 0.12860576923076922
5 0.24879807692307693 0.9411057692307693 0.16706730769230768 0.11298076923076923
4 0.5757211538461539 0.1346153846153846 0.1045673076923077 0.2692307692307692
4 0.4495192307692308 0.15144230769230768 0.11899038461538461 0.2980769230769231
4 0.3317307692307692 0.19831730769230768 0.1778846153846154 0.3245192307692308