0 0.4014423076923077 0.23197115384615385 0.15264423076923078 0.18990384615384615
4 0.8028846153846154 0.2764423076923077 0.1466346153846154 0.21875
4 0.9399038461538461 0.35096153846153844 0.11778846153846154 0.17307692307692307
0 0.42427884615384615 0.4807692307692308 0.13221153846153846 0.15865384615384615
4 0.6550480769230769 0.4951923076923077 0.09975961538461539 0.13942307692307693
2 0.34375 0.5024038461538461 0.09735576923076923 0.15384615384615385
5 0.8425480769230769 0.5072115384615384 0.1658653846153846 0.19831730769230768
5 0.5817307692307693 0.6706730769230769 0.11298076923076923 0.22956730769230768
2 0.3425480769230769 0.6838942307692307 0.0733173076923077 0.15384615384615385
0 0.4230769230769231 0.703125 0.11778846153846154 0.16466346153846154
4 0.7548076923076923 0.07692307692307693 0.14903846153846154 0.15384615384615385
4 0.9375 0.10216346153846154 0.12139423076923077 0.20432692307692307
4 0.5685096153846154 0.10336538461538461 0.14903846153846154 0.20673076923076922