1 0.12620192307692307 0.2536057692307692 0.22956730769230768 0.2644230769230769
1 0.7175480769230769 0.2776442307692308 0.19471153846153846 0.2536057692307692
2 0.43509615384615385 0.3557692307692308 0.12980769230769232 0.15384615384615385
4 0.2403846153846154 0.4735576923076923 0.24639423076923078 0.15625
5 0.5456730769230769 0.4951923076923077 0.15264423076923078 0.13942307692307693
3 0.7896634615384616 0.5408653846153846 0.2920673076923077 0.17307692307692307
2 0.2956730769230769 0.6370192307692307 0.13942307692307693 0.15384615384615385
5 0.7127403846153846 0.7067307692307693 0.15264423076923078 0.17067307692307693
3 0.44711538461538464 0.71875 0.08774038461538461 0.3004807692307692
1 0.5685096153846154 0.8245192307692307 0.13581730769230768 0.3473557692307692
5 0.39903846153846156 0.9122596153846154 0.140625 0.1622596153846154
3 0.3088942307692308 0.12139423076923077 0.21875 0.24158653846153846
4 0.6057692307692307 0.1622596153846154 0.10576923076923077 0.2247596153846154