4 0.18629807692307693 0.23557692307692307 0.22956730769230768 0.20432692307692307
1 0.7079326923076923 0.2776442307692308 0.2283653846153846 0.24158653846153846
2 0.4675480769230769 0.3245192307692308 0.15745192307692307 0.16466346153846154
3 0.17427884615384615 0.4579326923076923 0.3112980769230769 0.17908653846153846
1 0.46153846153846156 0.4639423076923077 0.17668269230769232 0.16826923076923078
2 0.6165865384615384 0.5264423076923077 0.1201923076923077 0.15985576923076922
3 0.8257211538461539 0.5432692307692307 0.2824519230769231 0.14783653846153846
5 0.7079326923076923 0.6935096153846154 0.1814903846153846 0.19591346153846154
3 0.44471153846153844 0.7355769230769231 0.14182692307692307 0.2920673076923077
1 0.5841346153846154 0.8653846153846154 0.15625 0.2644230769230769
5 0.39302884615384615 0.8858173076923077 0.19230769230769232 0.2247596153846154
4 0.41225961538461536 0.12860576923076922 0.13942307692307693 0.23918269230769232
5 0.609375 0.12860576923076922 0.18389423076923078 0.19591346153846154