1 0.10817307692307693 0.35697115384615385 0.1778846153846154 0.21514423076923078
1 0.7223557692307693 0.3786057692307692 0.16706730769230768 0.1310096153846154
1 0.3713942307692308 0.4567307692307692 0.18870192307692307 0.15985576923076922
3 0.8665865384615384 0.4807692307692308 0.2644230769230769 0.16826923076923078
4 0.5552884615384616 0.4855769230769231 0.11899038461538461 0.14543269230769232
2 0.27403846153846156 0.5504807692307693 0.14903846153846154 0.17668269230769232
3 0.7091346153846154 0.6454326923076923 0.140625 0.17067307692307693
5 0.8353365384615384 0.7019230769230769 0.17067307692307693 0.20432692307692307
5 0.5012019230769231 0.703125 0.12860576923076922 0.17668269230769232
0 0.3581730769230769 0.7536057692307693 0.15625 0.24158653846153846
2 0.25240384615384615 0.7584134615384616 0.0985576923076923 0.1622596153846154
0 0.6899038461538461 0.08653846153846154 0.12379807692307693 0.17307692307692307
0 0.3245192307692308 0.10697115384615384 0.19951923076923078 0.17307692307692307
4 0.18389423076923078 0.1622596153846154 0.16105769230769232 0.19110576923076922
3 0.8689903846153846 0.16346153846153846 0.25721153846153844 0.2692307692307692
4 0.49278846153846156 0.1814903846153846 0.1045673076923077 0.18389423076923078