1 0.16346153846153846 0.2608173076923077 0.3088942307692308 0.27524038461538464
1 0.7283653846153846 0.3088942307692308 0.25961538461538464 0.2536057692307692
5 0.46033653846153844 0.4050480769230769 0.12980769230769232 0.14783653846153846
4 0.25721153846153844 0.47115384615384615 0.2536057692307692 0.12860576923076922
3 0.7908653846153846 0.5336538461538461 0.3581730769230769 0.1502403846153846
2 0.5625 0.5408653846153846 0.09375 0.12740384615384615
2 0.2800480769230769 0.6478365384615384 0.16706730769230768 0.1875
5 0.7139423076923077 0.7103365384615384 0.15985576923076922 0.21634615384615385
3 0.4338942307692308 0.734375 0.11538461538461539 0.25240384615384615
1 0.5661057692307693 0.8305288461538461 0.12379807692307693 0.33533653846153844
5 0.39302884615384615 0.9134615384615384 0.17067307692307693 0.15264423076923078
4 0.39903846153846156 0.13341346153846154 0.15264423076923078 0.2668269230769231
3 0.5841346153846154 0.171875 0.14182692307692307 0.34375