0 0.41225961538461536 0.2620192307692308 0.16346153846153846 0.2644230769230769
1 0.7740384615384616 0.2932692307692308 0.20432692307692307 0.22956730769230768
3 0.9230769230769231 0.3473557692307692 0.1502403846153846 0.13701923076923078
0 0.4362980769230769 0.484375 0.1778846153846154 0.14783653846153846
4 0.6358173076923077 0.49158653846153844 0.13701923076923078 0.13341346153846154
5 0.8197115384615384 0.5036057692307693 0.17668269230769232 0.17908653846153846
2 0.3329326923076923 0.5060096153846154 0.09975961538461539 0.11658653846153846
5 0.5877403846153846 0.6694711538461539 0.12860576923076922 0.1814903846153846
2 0.33653846153846156 0.6838942307692307 0.0985576923076923 0.14783653846153846
0 0.4411057692307692 0.6911057692307693 0.1622596153846154 0.17067307692307693
1 0.7403846153846154 0.08052884615384616 0.19110576923076922 0.15985576923076922
3 0.9302884615384616 0.10336538461538461 0.13701923076923078 0.19831730769230768
1 0.5637019230769231 0.13701923076923078 0.14423076923076922 0.27283653846153844