0 0.38221153846153844 0.22956730769230768 0.15504807692307693 0.2247596153846154
1 0.7752403846153846 0.27524038461538464 0.1875 0.19591346153846154
3 0.921875 0.35336538461538464 0.15264423076923078 0.1814903846153846
2 0.33413461538461536 0.49038461538461536 0.1141826923076923 0.19831730769230768
0 0.4266826923076923 0.49038461538461536 0.15264423076923078 0.15985576923076922
4 0.6490384615384616 0.49278846153846156 0.109375 0.16826923076923078
5 0.8425480769230769 0.5012019230769231 0.15985576923076922 0.18509615384615385
5 0.5817307692307693 0.6598557692307693 0.12620192307692307 0.18990384615384615
2 0.3581730769230769 0.6838942307692307 0.078125 0.1502403846153846
0 0.43509615384615385 0.6838942307692307 0.16105769230769232 0.1622596153846154
1 0.7427884615384616 0.078125 0.1466346153846154 0.15625
3 0.9302884615384616 0.11538461538461539 0.13581730769230768 0.23076923076923078
1 0.5685096153846154 0.1310096153846154 0.14423076923076922 0.24639423076923078