1 0.484375 0.25600961538461536 0.11298076923076923 0.22115384615384615
1 0.328125 0.2848557692307692 0.1935096153846154 0.20432692307692307
4 0.6274038461538461 0.42427884615384615 0.09254807692307693 0.13581730769230768
5 0.7920673076923077 0.49158653846153844 0.1346153846153846 0.17908653846153846
1 0.3737980769230769 0.5036057692307693 0.20673076923076922 0.13942307692307693
3 0.53125 0.056490384615384616 0.12860576923076922 0.11298076923076923
0 0.4206730769230769 0.7043269230769231 0.1310096153846154 0.17908653846153846
0 0.6009615384615384 0.7115384615384616 0.140625 0.24759615384615385
0 0.8004807692307693 0.7415865384615384 0.14903846153846154 0.24639423076923078
3 0.25841346153846156 0.07692307692307693 0.17307692307692307 0.15384615384615385
3 0.39302884615384615 0.08052884615384616 0.13581730769230768 0.15985576923076922
2 0.6105769230769231 0.8473557692307693 0.10576923076923077 0.1502403846153846
2 0.765625 0.8786057692307693 0.11538461538461539 0.1310096153846154
5 0.6622596153846154 0.18629807692307693 0.1346153846153846 0.20673076923076922