1 0.15264423076923078 0.2536057692307692 0.2848557692307692 0.23918269230769232
4 0.5733173076923077 0.36177884615384615 0.125 0.23076923076923078
2 0.43990384615384615 0.3762019230769231 0.14903846153846154 0.1814903846153846
4 0.2403846153846154 0.46033653846153844 0.265625 0.15865384615384615
5 0.6129807692307693 0.5372596153846154 0.12860576923076922 0.15384615384615385
3 0.8425480769230769 0.5552884615384616 0.3125 0.13942307692307693
5 0.22596153846153846 0.6658653846153846 0.19110576923076922 0.21033653846153846
1 0.41225961538461536 0.6766826923076923 0.18629807692307693 0.2247596153846154
5 0.7115384615384616 0.703125 0.18269230769230768 0.20192307692307693
1 0.5661057692307693 0.84375 0.12860576923076922 0.3088942307692308
2 0.36538461538461536 0.8870192307692307 0.12620192307692307 0.16466346153846154
3 0.6971153846153846 0.1310096153846154 0.16346153846153846 0.2620192307692308
3 0.33413461538461536 0.13942307692307693 0.2091346153846154 0.27884615384615385