2 0.20072115384615385 0.25841346153846156 0.1346153846153846 0.15264423076923078
5 0.3713942307692308 0.28966346153846156 0.13701923076923078 0.14182692307692307
1 0.7463942307692307 0.35216346153846156 0.140625 0.1502403846153846
1 0.11899038461538461 0.3581730769230769 0.171875 0.17908653846153846
5 0.5168269230769231 0.3629807692307692 0.12139423076923077 0.1502403846153846
1 0.3786057692307692 0.44471153846153844 0.20432692307692307 0.18990384615384615
3 0.875 0.4651442307692308 0.24639423076923078 0.14783653846153846
4 0.5757211538461539 0.4855769230769231 0.1045673076923077 0.125
2 0.2824519230769231 0.5252403846153846 0.10576923076923077 0.15865384615384615
3 0.6814903846153846 0.6310096153846154 0.19110576923076922 0.20432692307692307
4 0.38822115384615385 0.06971153846153846 0.14543269230769232 0.13942307692307693
5 0.5096153846153846 0.6899038461538461 0.11298076923076923 0.20432692307692307
5 0.8725961538461539 0.6911057692307693 0.14543269230769232 0.21033653846153846
2 0.2764423076923077 0.7536057692307693 0.09735576923076923 0.11899038461538461
5 0.6286057692307693 0.08173076923076923 0.11778846153846154 0.1622596153846154
3 0.8894230769230769 0.140625 0.21754807692307693 0.2439903846153846
0 0.7307692307692307 0.1502403846153846 0.1141826923076923 0.24158653846153846
4 0.5168269230769231 0.1814903846153846 0.09735576923076923 0.16706730769230768