0 0.3942307692307692 0.24639423076923078 0.15985576923076922 0.24639423076923078
1 0.7716346153846154 0.29086538461538464 0.17668269230769232 0.20192307692307693
3 0.9038461538461539 0.34615384615384615 0.18870192307692307 0.14182692307692307
0 0.4170673076923077 0.4879807692307692 0.1622596153846154 0.18389423076923078
2 0.328125 0.4951923076923077 0.12139423076923077 0.13942307692307693
4 0.625 0.4987980769230769 0.1346153846153846 0.16466346153846154
5 0.8317307692307693 0.5192307692307693 0.20793269230769232 0.20793269230769232
5 0.5865384615384616 0.6670673076923077 0.14543269230769232 0.1875
0 0.4387019230769231 0.6838942307692307 0.14543269230769232 0.20192307692307693
2 0.33653846153846156 0.6923076923076923 0.11298076923076923 0.14783653846153846
1 0.7391826923076923 0.09254807692307693 0.11778846153846154 0.18509615384615385
3 0.9254807692307693 0.12860576923076922 0.14543269230769232 0.24759615384615385
1 0.5552884615384616 0.14302884615384615 0.1466346153846154 0.2848557692307692