2 0.5300480769230769 0.21033653846153846 0.1201923076923077 0.19591346153846154
2 0.7548076923076923 0.3545673076923077 0.125 0.2127403846153846
2 0.28365384615384615 0.3557692307692308 0.15504807692307693 0.1622596153846154
2 0.37740384615384615 0.5036057692307693 0.14903846153846154 0.10216346153846154
2 0.5997596153846154 0.5060096153846154 0.11899038461538461 0.15384615384615385
2 0.7800480769230769 0.5985576923076923 0.140625 0.17307692307692307
2 0.2536057692307692 0.6141826923076923 0.1310096153846154 0.13341346153846154
2 0.4230769230769231 0.6490384615384616 0.1141826923076923 0.14423076923076922
2 0.5552884615384616 0.6899038461538461 0.0985576923076923 0.19110576923076922
2 0.33774038461538464 0.14903846153846154 0.12379807692307693 0.16466346153846154
2 0.6814903846153846 0.19471153846153846 0.11538461538461539 0.15985576923076922