0 0.38341346153846156 0.27163461538461536 0.16105769230769232 0.28125
1 0.75 0.3317307692307692 0.17548076923076922 0.18509615384615385
3 0.9170673076923077 0.3762019230769231 0.1622596153846154 0.17307692307692307
0 0.41225961538461536 0.49278846153846156 0.17548076923076922 0.15985576923076922
2 0.2848557692307692 0.5144230769230769 0.1201923076923077 0.11658653846153846
4 0.6033653846153846 0.5228365384615384 0.13581730769230768 0.15865384615384615
5 0.8052884615384616 0.5456730769230769 0.1778846153846154 0.1875
5 0.5540865384615384 0.6646634615384616 0.1141826923076923 0.2127403846153846
2 0.30288461538461536 0.703125 0.08653846153846154 0.18509615384615385
0 0.40384615384615385 0.7127403846153846 0.15144230769230768 0.17908653846153846
1 0.7379807692307693 0.1310096153846154 0.15384615384615385 0.2620192307692308
3 0.9411057692307693 0.14302884615384615 0.11538461538461539 0.21033653846153846
1 0.5576923076923077 0.18389423076923078 0.1346153846153846 0.3605769230769231