3 0.5444711538461539 0.2776442307692308 0.12980769230769232 0.3233173076923077
3 0.3798076923076923 0.35336538461538464 0.1875 0.28125
0 0.15745192307692307 0.4423076923076923 0.2692307692307692 0.19831730769230768
2 0.6754807692307693 0.5276442307692307 0.13581730769230768 0.1310096153846154
2 0.5504807692307693 0.5709134615384616 0.10336538461538461 0.14543269230769232
1 0.5372596153846154 0.06490384615384616 0.16826923076923078 0.12860576923076922
0 0.39903846153846156 0.6622596153846154 0.17668269230769232 0.24158653846153846
5 0.7307692307692307 0.7067307692307693 0.14903846153846154 0.19591346153846154
5 0.6009615384615384 0.7704326923076923 0.18629807692307693 0.22956730769230768
0 0.2127403846153846 0.7860576923076923 0.19951923076923078 0.2644230769230769
4 0.4495192307692308 0.8786057692307693 0.1502403846153846 0.23798076923076922
1 0.2091346153846154 0.14423076923076922 0.1778846153846154 0.23557692307692307