1 0.6802884615384616 0.2091346153846154 0.17668269230769232 0.1814903846153846
3 0.8846153846153846 0.2848557692307692 0.19951923076923078 0.20793269230769232
1 0.5192307692307693 0.2932692307692308 0.1346153846153846 0.22956730769230768
0 0.36778846153846156 0.3762019230769231 0.15144230769230768 0.21514423076923078
1 0.7091346153846154 0.45552884615384615 0.14182692307692307 0.1814903846153846
3 0.8774038461538461 0.5012019230769231 0.24278846153846154 0.15985576923076922
0 0.3557692307692308 0.5793269230769231 0.1622596153846154 0.1502403846153846
2 0.2692307692307692 0.59375 0.11778846153846154 0.15384615384615385
4 0.5805288461538461 0.6129807692307693 0.17067307692307693 0.14543269230769232
5 0.7716346153846154 0.6466346153846154 0.13221153846153846 0.22235576923076922
5 0.5384615384615384 0.8076923076923077 0.11778846153846154 0.15625
2 0.2548076923076923 0.8329326923076923 0.09735576923076923 0.14543269230769232
0 0.3737980769230769 0.8870192307692307 0.16706730769230768 0.17668269230769232
3 0.8461538461538461 0.11057692307692307 0.15144230769230768 0.15865384615384615