4 0.19110576923076922 0.24639423076923078 0.2548076923076923 0.2692307692307692
1 0.7379807692307693 0.27403846153846156 0.203125 0.20673076923076922
5 0.47716346153846156 0.39783653846153844 0.14182692307692307 0.15384615384615385
1 0.18870192307692307 0.47475961538461536 0.33774038461538464 0.19591346153846154
3 0.7980769230769231 0.5264423076923077 0.3245192307692308 0.17668269230769232
2 0.5721153846153846 0.5396634615384616 0.12139423076923077 0.14182692307692307
2 0.2704326923076923 0.6598557692307693 0.1935096153846154 0.12860576923076922
3 0.4387019230769231 0.7127403846153846 0.14423076923076922 0.2704326923076923
5 0.7175480769230769 0.7163461538461539 0.16346153846153846 0.21634615384615385
1 0.5793269230769231 0.8377403846153846 0.12139423076923077 0.32091346153846156
5 0.41466346153846156 0.9194711538461539 0.16346153846153846 0.14783653846153846
3 0.5877403846153846 0.15504807692307693 0.14182692307692307 0.31009615384615385
4 0.39903846153846156 0.1622596153846154 0.1778846153846154 0.28365384615384615